     [38;2;193;2;2m▄[0m[38;2;154;0;0m[48;2;173;3;3m▀[0m     [38;2;168;0;0m▄[0m
    [38;2;171;0;0m[48;2;168;0;0m▀[0m[38;2;226;0;0m[48;2;196;50;50m▀[0m[38;2;165;0;0m[48;2;195;75;75m▀[0m[38;2;181;0;0m[48;2;199;74;74m▀[0m[38;2;194;0;0m[48;2;188;27;27m▀[0m[38;2;200;0;0m[48;2;212;0;0m▀[0m[38;2;173;0;0m[48;2;222;1;1m▀[0m[38;2;191;0;0m▄[0m[38;2;183;0;0m[48;2;210;0;0m▀[0m[38;2;193;0;0m[48;2;198;0;0m▀[0m
    [38;2;129;40;40m▄[0m[38;2;218;183;183m[48;2;121;98;98m▀[0m[38;2;210;178;178m[48;2;94;67;67m▀[0m[38;2;249;255;255m[48;2;163;183;183m▀[0m[38;2;206;78;78m[48;2;215;66;66m▀[0m[38;2;207;0;0m[48;2;206;0;0m▀[0m[38;2;208;3;3m[48;2;209;3;3m▀[0m[38;2;213;0;0m[48;2;213;0;0m▀[0m[38;2;232;0;0m[48;2;183;0;0m▀[0m[38;2;177;0;0m▀[0m
   [38;2;159;50;0m▄[0m[38;2;183;9;9m[48;2;210;0;0m▀[0m[38;2;164;25;26m[48;2;192;0;0m▀[0m[38;2;110;35;35m[48;2;195;8;8m▀[0m[38;2;160;115;115m[48;2;212;0;0m▀[0m[38;2;211;10;10m[48;2;213;0;0m▀[0m[38;2;207;1;1m[48;2;208;0;0m▀[0m[38;2;214;0;0m[48;2;222;0;0m▀[0m[38;2;195;0;0m[48;2;187;0;0m▀[0m
[38;2;180;153;0m▄[0m[38;2;160;135;0m▄[0m[38;2;172;145;0m[48;2;198;166;0m▀[0m[38;2;151;124;0m[48;2;201;178;0m▀[0m[38;2;144;1;0m▀[0m[38;2;169;2;1m▀[0m[38;2;211;0;0m[48;2;159;0;0m▀[0m[38;2;196;0;0m[48;2;190;0;0m▀[0m[38;2;182;1;1m[48;2;199;0;0m▀[0m[38;2;211;0;0m[48;2;221;0;0m▀[0m[38;2;214;0;0m[48;2;162;0;0m▀[0m
   [38;2;156;48;0m▀[0m[38;2;222;7;0m[48;2;184;0;0m▀[0m[38;2;149;0;0m[48;2;189;0;0m▀[0m[38;2;152;0;0m[48;2;183;0;0m▀[0m[38;2;217;0;0m[48;2;192;0;0m▀[0m[38;2;214;0;0m[48;2;184;0;0m▀[0m[38;2;222;0;0m[48;2;215;1;0m▀[0m[38;2;190;0;0m▄[0m
     [38;2;150;0;0m▀[0m[38;2;212;0;0m[48;2;183;2;0m▀[0m[38;2;216;0;0m[48;2;197;1;0m▀[0m[38;2;207;0;0m[48;2;194;14;0m▀[0m[38;2;221;0;0m[48;2;199;25;0m▀[0m[38;2;187;1;0m[48;2;157;0;0m▀[0m
      [38;2;220;0;0m[48;2;122;50;2m▀[0m[38;2;200;0;0m[48;2;170;28;0m▀[0m[38;2;201;11;0m[48;2;156;28;0m▀[0m[38;2;209;109;1m[48;2;149;25;0m▀[0m[38;2;191;38;1m[48;2;191;16;0m▀[0m[38;2;194;0;0m▄[0m
  [38;2;214;215;214m▄[0m[38;2;232;231;232m▄[0m[38;2;172;199;174m▄[0m[38;2;190;234;206m▄[0m[38;2;0;177;41m[48;2;166;207;180m▀[0m[38;2;0;167;47m[48;2;9;156;28m▀[0m[38;2;0;170;36m[48;2;0;167;0m▀[0m[38;2;44;175;50m[48;2;46;192;45m▀[0m[38;2;52;96;22m[48;2;83;167;88m▀[0m[38;2;196;0;0m▀[0m[38;2;186;2;1m▀[0m[38;2;172;0;0m▀[0m[38;2;166;0;0m▄[0m[38;2;161;0;0m▄[0m[38;2;165;0;0m▄[0m
    [38;2;208;202;207m▀[0m[38;2;232;223;229m▀[0m[38;2;234;225;231m▀[0m[38;2;158;193;154m▀[0m[38;2;148;192;147m▀[0m[38;2;176;193;176m▀[0m   [38;2;154;0;0m▄[0m[38;2;195;0;0m▄[0m[38;2;180;0;0m▄[0m[38;2;154;0;0m▄[0m[38;2;178;0;0m▀[0m
