       [38;2;4;4;6m▄[0m[38;2;1;1;2m▄[0m[38;2;14;14;16m▄[0m[38;2;35;35;35m▄[0m
      [38;2;0;0;0m[48;2;18;18;19m▀[0m[38;2;0;0;0m[48;2;45;44;43m▀[0m[38;2;2;2;3m[48;2;0;0;0m▀[0m[38;2;0;0;1m[48;2;70;69;67m▀[0m[38;2;25;25;26m[48;2;31;30;30m▀[0m[38;2;1;1;3m[48;2;0;0;2m▀[0m
      [38;2;79;79;81m[48;2;61;60;65m▀[0m[38;2;126;129;136m[48;2;144;115;39m▀[0m[38;2;48;48;54m[48;2;204;169;32m▀[0m[38;2;142;144;157m[48;2;134;119;38m▀[0m[38;2;110;111;116m[48;2;112;107;88m▀[0m[38;2;2;2;2m[48;2;1;0;1m▀[0m
      [38;2;85;58;6m[48;2;47;44;44m▀[0m[38;2;245;187;4m[48;2;186;155;65m▀[0m[38;2;248;218;26m[48;2;189;138;7m▀[0m[38;2;255;212;11m[48;2;197;159;82m▀[0m[38;2;141;104;0m[48;2;156;150;139m▀[0m[38;2;8;8;14m[48;2;30;31;34m▀[0m[38;2;21;21;21m▄[0m
     [38;2;17;17;19m▄[0m[38;2;124;125;127m[48;2;234;233;231m▀[0m[38;2;221;219;222m[48;2;255;255;255m▀[0m[38;2;184;175;166m[48;2;248;250;250m▀[0m[38;2;232;234;238m[48;2;253;253;249m▀[0m[38;2;255;255;255m[48;2;252;251;250m▀[0m[38;2;63;62;62m[48;2;146;146;146m▀[0m[38;2;1;1;1m[48;2;0;0;0m▀[0m[38;2;6;6;8m▄[0m
    [38;2;0;0;0m[48;2;4;4;4m▀[0m[38;2;57;57;58m[48;2;178;178;178m▀[0m[38;2;245;245;244m[48;2;255;255;255m▀[0m[38;2;247;247;246m[48;2;250;250;248m▀[0m[38;2;248;248;246m[48;2;253;253;251m▀[0m[38;2;249;249;248m[48;2;253;253;251m▀[0m[38;2;232;232;232m[48;2;252;252;250m▀[0m[38;2;194;194;194m[48;2;255;255;255m▀[0m[38;2;30;30;31m[48;2;137;137;137m▀[0m[38;2;3;2;4m[48;2;11;11;11m▀[0m[38;2;2;2;3m[48;2;7;7;9m▀[0m
   [38;2;0;0;1m▄[0m[38;2;59;59;60m[48;2;125;125;123m▀[0m[38;2;255;255;255m[48;2;255;255;255m▀[0m[38;2;252;252;251m[48;2;249;249;247m▀[0m[38;2;247;247;246m[48;2;244;244;243m▀[0m[38;2;253;253;251m[48;2;253;253;251m▀[0m[38;2;253;253;251m[48;2;253;253;251m▀[0m[38;2;250;250;248m[48;2;251;251;249m▀[0m[38;2;255;255;255m[48;2;255;255;254m▀[0m[38;2;204;204;203m[48;2;220;219;217m▀[0m[38;2;6;6;7m[48;2;11;11;13m▀[0m[38;2;12;12;14m[48;2;5;5;7m▀[0m[38;2;0;0;1m[48;2;2;2;1m▀[0m
   [38;2;19;13;1m[48;2;232;181;8m▀[0m[38;2;146;147;151m[48;2;130;108;45m▀[0m[38;2;255;255;255m[48;2;206;208;217m▀[0m[38;2;246;246;244m[48;2;255;255;255m▀[0m[38;2;244;244;243m[48;2;244;244;243m▀[0m[38;2;253;253;252m[48;2;253;253;252m▀[0m[38;2;253;253;251m[48;2;253;253;250m▀[0m[38;2;251;251;249m[48;2;252;253;253m▀[0m[38;2;255;255;255m[48;2;255;249;231m▀[0m[38;2;216;218;223m[48;2;209;177;63m▀[0m[38;2;17;16;15m[48;2;0;0;2m▀[0m[38;2;14;13;13m[48;2;0;1;13m▀[0m[38;2;0;0;9m[48;2;107;90;21m▀[0m
 [38;2;225;167;12m[48;2;237;179;12m▀[0m[38;2;236;179;12m[48;2;250;194;12m▀[0m[38;2;254;198;14m[48;2;239;183;12m▀[0m[38;2;225;174;2m[48;2;255;206;17m▀[0m[38;2;42;37;23m[48;2;146;113;0m▀[0m[38;2;176;177;183m[48;2;23;26;39m▀[0m[38;2;253;253;252m[48;2;247;246;243m▀[0m[38;2;251;251;249m[48;2;250;250;249m▀[0m[38;2;252;252;249m[48;2;250;249;247m▀[0m[38;2;252;252;253m[48;2;255;255;255m▀[0m[38;2;232;224;201m[48;2;202;194;178m▀[0m[38;2;220;162;2m[48;2;215;159;7m▀[0m[38;2;82;56;5m[48;2;242;180;11m▀[0m[38;2;103;74;6m[48;2;245;185;11m▀[0m[38;2;240;185;10m[48;2;253;198;13m▀[0m[38;2;240;185;12m▄[0m
 [38;2;237;179;11m[48;2;238;175;11m▀[0m[38;2;250;194;12m[48;2;249;188;12m▀[0m[38;2;244;189;12m[48;2;255;194;12m▀[0m[38;2;245;189;15m[48;2;252;195;13m▀[0m[38;2;239;184;2m[48;2;255;200;11m▀[0m[38;2;195;180;128m[48;2;172;125;16m▀[0m[38;2;255;255;255m[48;2;79;79;84m▀[0m[38;2;255;255;255m[48;2;101;101;101m▀[0m[38;2;255;255;255m[48;2;63;62;62m▀[0m[38;2;181;182;185m[48;2;0;0;0m▀[0m[38;2;57;46;31m[48;2;41;24;0m▀[0m[38;2;222;165;7m[48;2;235;175;12m▀[0m[38;2;248;193;14m[48;2;252;197;12m▀[0m[38;2;242;188;12m[48;2;253;192;13m▀[0m[38;2;255;197;13m[48;2;229;170;12m▀[0m[38;2;255;203;14m▀[0m
   [38;2;174;120;6m▀[0m[38;2;192;137;9m▀[0m[38;2;207;147;9m▀[0m[38;2;115;74;3m▀[0m    [38;2;54;34;7m▀[0m[38;2;184;127;7m▀[0m[38;2;216;156;10m▀[0m[38;2;181;125;7m▀[0m
